Results -1 cosine:
    Panels X CDs:
(0.01692, 0.01706, 0.01708, 0.01709, 0.0171, 0.0171, 0.01711, 0.01711, 0.01711, 0.01711, 0.01711, 0.01711, 0.01712, 0.01712, 0.01712, 0.01712, 0.01712, 0.01712, 0.01712, 0.01712)

    Panels Y CDs:
(0.01714, 0.01711, 0.01711, 0.01712, 0.01712, 0.01713, 0.01713, 0.01713, 0.01713, 0.01713, 0.01713, 0.01713, 0.01713, 0.01713, 0.01713, 0.01713, 0.01713, 0.01713, 0.01713)

    Sections CDs:
(0.01625, 0.01693, 0.01698, 0.01702, 0.01709, 0.01709, 0.0171, 0.01711, 0.01711, 0.01712, 0.01712, 0.01712, 0.01712, 0.01713, 0.01713, 0.01713, 0.01713, 0.01713, 0.01713)

Results -2 sine:
    Panels X CDs:
(0.01668, 0.01698, 0.01702, 0.01704, 0.01705, 0.01706, 0.01707, 0.01708, 0.01709, 0.01709, 0.01709, 0.01709, 0.0171, 0.0171, 0.0171, 0.0171, 0.0171, 0.0171, 0.0171, 0.0171)

    Panels Y CDs:
(0.01707, 0.01708, 0.01709, 0.01709, 0.01709, 0.0171, 0.0171, 0.0171, 0.0171, 0.0171, 0.0171, 0.0171, 0.0171, 0.0171, 0.0171, 0.0171, 0.0171, 0.0171, 0.0171)

    Sections CDs:
(0.01593, 0.01675, 0.01693, 0.01699, 0.01702, 0.01705, 0.01706, 0.01709, 0.01709, 0.01709, 0.0171, 0.0171, 0.0171, 0.01711, 0.01711, 0.01711, 0.01711, 0.01711, 0.01711)

Results 2 sine:
    Panels X CDs:
(0.01668, 0.01698, 0.01702, 0.01704, 0.01705, 0.01706, 0.01707, 0.01708, 0.01709, 0.01709, 0.01709, 0.01709, 0.0171, 0.0171, 0.0171, 0.0171, 0.0171, 0.0171, 0.0171, 0.0171)

    Panels Y CDs:
(0.01707, 0.01708, 0.01709, 0.01709, 0.0171, 0.01711, 0.01713, 0.01713, 0.01714, 0.01715, 0.01715, 0.01716, 0.01716, 0.01716, 0.01715, 0.01715, 0.01715, 0.01715, 0.01715)

    Sections CDs:
(0.01614, 0.0168, 0.01697, 0.01699, 0.01701, 0.01703, 0.01704, 0.01709, 0.01709, 0.01709, 0.0171, 0.0171, 0.0171, 0.01711, 0.01711, 0.01711, 0.01711, 0.01711, 0.01711)
Results 1 cosine:
    Panels X CDs:
(0.01692, 0.01706, 0.01708, 0.01709, 0.0171, 0.0171, 0.01711, 0.01711, 0.01711, 0.01711, 0.01711, 0.01711, 0.01712, 0.01712, 0.01712, 0.01712, 0.01712, 0.01712, 0.01712, 0.01712)

    Panels Y CDs:
(0.01714, 0.01711, 0.01711, 0.01712, 0.01712, 0.01713, 0.01713, 0.01713, 0.01713, 0.01713, 0.01713, 0.01713, 0.01713, 0.01713, 0.01713, 0.01713, 0.01713, 0.01713, 0.01713)

    Sections CDs:
(0.01625, 0.01693, 0.01698, 0.01702, 0.01709, 0.01709, 0.0171, 0.01711, 0.01711, 0.01712, 0.01712, 0.01712, 0.01712, 0.01713, 0.01713, 0.01713, 0.01713, 0.01713, 0.01713)

Results  Const ALPHA:
    Panels X CDs:
(0.01721, 0.0196, 0.01888, 0.01869, 0.01866, 0.01864, 0.01864, 0.01864, 0.01864, 0.01863, 0.01863, 0.01864, 0.01864, 0.01864, 0.01864, 0.01863, 0.01864, 0.01864, 0.01864, 0.01864)

    Panels Y CDs:
(0.01864, 0.01863, 0.01863, 0.01864, 0.01864, 0.01864, 0.01865, 0.01865, 0.01865, 0.01865, 0.01865, 0.01865, 0.01865, 0.01865, 0.01865, 0.01865, 0.01865, 0.01865, 0.01865)

    Sections CDs:
(0.01781, 0.01844, 0.0185, 0.01854, 0.0186, 0.01861, 0.01862, 0.01863, 0.01863, 0.01863, 0.01864, 0.01864, 0.01864, 0.01864, 0.01865, 0.01865, 0.01865, 0.01865, 0.01865)

